0 62.9447 -72.9046 -238.3188 -156.1336
1 81.1584 67.0017 497.7311 282.4985
2 -74.6026 93.7736 319.2895 207.1869
3 82.6752 -55.7932 -113.2022 -84.9834
4 26.4719 -38.3666 -138.7569 -88.8198
5 -80.4919 9.4441 -181.7293 -137.6109
6 -44.3004 -62.3236 -400.4402 -231.5828
7 9.3763 98.5763 511.6808 305.5980
8 91.5014 99.2923 679.9216 389.8746
9 92.9777 93.5390 654.1153 374.0623
10 -68.4774 45.1678 147.3987 80.0283
11 94.1186 96.2219 669.8174 383.2655
12 91.4334 -78.0276 -206.8143 -143.0397
13 -2.9249 59.6212 292.2415 176.2367
14 60.0561 -40.5941 -82.5581 -61.9292
15 -71.6227 -99.0433 -676.5771 -441.7835
16 -15.6477 -77.5071 -418.9092 -248.5566
17 83.1471 27.9527 306.4733 167.1449
18 58.4415 75.6861 495.6058 285.8783
19 91.8985 0.7325 187.9192 94.0998
20 31.1481 59.5857 366.0872 186.1312
21 -92.8577 -27.7412 -324.8857 -176.2200
22 69.8259 -57.6151 -148.0748 -103.3076
23 86.7986 36.2719 355.3908 195.7957
24 35.7470 -20.2523 -29.5887 -25.1111
25 51.5480 48.1295 277.1309 272.2676
26 48.6265 -5.0483 72.2548 33.4565
27 -21.5546 -15.5825 -121.1293 -68.3799
28 31.0956 -65.2270 -263.7882 -164.9115
29 -65.7627 -39.6174 -329.9410 -184.8129
30 41.2092 59.4560 400.3008 225.4831
31 -93.6334 -36.6899 -371.1846 -203.8866
32 -44.6154 74.4858 282.9749 179.2143
33 -90.7657 -70.1772 -532.8713 -301.6482
34 -80.5736 98.8137 332.5184 216.3615
35 64.6916 64.3807 404.2042 290.1115
36 38.9657 -74.9634 -296.6909 -186.2994
37 -36.5801 52.7500 190.4069 121.9336
38 90.0444 -1.8822 171.1281 84.3884
39 -93.1108 32.7211 -23.0816 5.2161
40 -12.2511 -74.8207 -367.8511 -243.0556
41 -23.6883 -57.9582 -337.2860 -197.8527
42 53.1034 -89.7567 -342.3113 -216.6156
43 59.0400 -92.7117 -345.1835 -219.5588
44 -62.6255 -18.2538 -216.8329 -117.4781
45 -2.0471 -8.4022 -8.2724 -70.5158
46 -10.8828 -2.4862 -34.2510 -18.3538
47 29.2626 58.7950 352.6465 205.9416
48 41.8730 84.1750 504.8301 294.8187
49 50.9373 61.5062 409.6603 235.7634
50 -44.7950 41.1548 165.5906 -18.8006
51 35.9405 -99.4363 -425.1208 -262.8656
52 31.0196 42.1408 272.8982 157.6526
53 -67.4777 28.7922 8.6683 19.0429
54 -76.2005 -8.7934 -196.7491 -102.6247
55 -0.3272 54.7834 263.3695 120.1983
56 91.9488 14.7509 258.1120 136.2753
57 -31.9229 75.3515 312.7521 194.5084
58 17.0535 61.6351 342.3679 202.2670
59 -55.2376 -96.4452 -592.9775 -345.0555
60 50.2534 64.2492 338.7684 160.8067
61 -48.9810 64.1682 222.6339 143.8443
62 1.1914 88.0148 442.4628 265.6759
63 39.8153 -17.4667 -7.5037 -12.6721
64 78.1806 -15.3670 79.9173 32.0029
65 91.8583 16.1913 210.9279 57.8458
66 9.4431 -68.3885 -323.0090 -196.0643
67 -72.2751 52.3462 116.8196 85.0253
68 -70.1412 -53.9688 -410.4771 -232.3174
69 -48.4984 61.9469 212.4953 137.6521
70 68.1434 97.7043 636.8029 431.2693
71 -49.1436 -33.5103 -266.0846 -149.8422
72 62.8570 -40.0337 -74.1401 -57.4442
73 -51.2950 -97.2922 -589.3074 -343.6580
74 85.8527 -56.5524 -110.6274 -84.0873
75 -30.0033 81.4729 412.3716 222.3281
76 -60.6810 69.6936 226.8025 148.7482
77 -49.7832 91.0035 355.2022 223.6823
78 23.2089 55.7795 325.4316 190.8265
79 -5.3422 97.4919 476.7484 287.6210
80 -29.6681 -86.4809 -484.2207 -298.8617
81 66.1657 58.7195 426.2599 242.6179
82 17.0528 18.9007 128.6945 73.8495
83 9.9447 46.5597 252.7379 149.8567
84 83.4387 39.0466 362.5275 200.7737
85 -42.8322 35.9640 193.1682 75.7226
86 51.4400 -21.5359 -4.5423 -13.2754
87 50.7458 12.3115 163.3028 87.7419
88 -23.9108 -58.3864 -339.8732 -199.3619
89 13.5643 5.4743 54.5680 30.0146
90 -84.8291 -19.1583 -350.2388 -213.2900
91 -89.2100 -29.4475 -326.1036 -177.6998
92 6.1595 18.5648 105.1737 61.9467
93 55.8335 -28.7310 -31.7088 -30.5031
94 86.8021 92.9933 639.0047 366.2469
95 -74.0188 -69.1123 -505.4336 -302.5475
96 13.7647 -21.0184 -77.4935 -49.3954
97 -6.1219 -22.5408 -124.9784 -73.8570
98 -97.6196 45.3909 31.2275 38.7802
99 -32.5755 -22.2860 -176.7440 -99.5450
